[[       inf, 0.        , 1.5       ,        inf, 1.        , 1.8       ,
  0.33333333,        inf, 1.        , 0.57142857],
 [3.5       , 0.66666667, 4.        , 2.66666667, 0.33333333, 3.        ,
  2.33333333, 1.75      , 8.        , 0.5       ],
 [0.55555556, 9.        , 2.        , 1.5       , 0.5       , 1.5       ,
  0.        ,        inf,        inf, 0.        ],
 [       inf, 0.5       , 2.66666667, 0.33333333, 0.375     , 0.375     ,
  0.375     , 3.5       , 0.        , 0.5       ],
 [       inf, 1.125     , 0.        , 1.33333333, 0.875     , 1.5       ,
  0.25      , 1.75      , 0.66666667,        nan],
 [0.        , 1.33333333, 0.83333333, 0.55555556, 0.75      ,        inf,
  0.5       , 0.2       , 0.44444444,        inf],
 [0.88888889, 0.16666667, 0.2       , 2.33333333, 9.        , 1.125     ,
         inf, 1.5       , 0.77777778, 0.33333333],
 [0.        , 0.42857143, 0.625     , 1.125     , 0.44444444, 2.        ,
  0.75      , 0.66666667, 0.66666667, 0.33333333],
 [4.        , 0.66666667, 1.        , 0.5       , 1.        , 3.5       ,
  1.66666667, 0.83333333, 0.        , 0.16666667],
 [1.        , 1.28571429,        inf, 0.        , 1.25      , 0.        ,
  0.2       , 0.25      , 2.        , 0.66666667]]
